002 002 002 002 002 002 002 002 002 002 002 002 002 002 002 002 002 002 002 002 002 002 002 002 002
004 004 004 004 004 004 004 004 004 004 004 004 004 004 004 004 004 004 004 004 004 004 004 004 004
006 006 006 006 006 006 006 006 006 006 006 006 006 006 006 006 006 006 006 006 006 006 006 006 006
008 008 008 008 008 008 008 008 008 008 008 008 008 008 008 008 008 008 008 008 008 008 008 008 008
100 100 100 100 100 100 100 100 100 100 100 100 100 100 100 100 100 100 100 100 100 100 100 100 100
012 012 012 012 012 012 012 012 012 012 012 012 012 012 012 012 012 012 012 012 012 012 012 012 012
014 014 014 014 014 014 014 014 014 014 014 014 014 014 014 014 014 014 014 014 014 014 014 014 014
016 016 016 016 016 016 016 016 016 016 016 016 016 016 016 016 016 016 016 016 016 016 016 016 016
018 018 018 018 018 018 018 018 018 018 018 018 018 018 018 018 018 018 018 018 018 018 018 018 018
200 200 200 200 200 200 200 200 200 200 200 200 200 200 200 200 200 200 200 200 200 200 200 200 200
022 022 022 022 022 022 022 022 022 022 022 022 022 022 022 022 022 022 022 022 022 022 022 022 022
024 024 024 024 024 024 024 024 024 024 024 024 024 024 024 024 024 024 024 024 024 024 024 024 024
026 026 026 026 026 026 026 026 026 026 026 026 026 026 026 026 026 026 026 026 026 026 026 026 026
028 028 028 028 028 028 028 028 028 028 028 028 028 028 028 028 028 028 028 028 028 028 028 028 028
300 300 300 300 300 300 300 300 300 300 300 300 300 300 300 300 300 300 300 300 300 300 300 300 300
032 032 032 032 032 032 032 032 032 032 032 032 032 032 032 032 032 032 032 032 032 032 032 032 032
034 034 034 034 034 034 034 034 034 034 034 034 034 034 034 034 034 034 034 034 034 034 034 034 034
036 036 036 036 036 036 036 036 036 036 036 036 036 036 036 036 036 036 036 036 036 036 036 036 036
038 038 038 038 038 038 038 038 038 038 038 038 038 038 038 038 038 038 038 038 038 038 038 038 038
040 040 040 040 040 040 040 040 040 040 040 040 040 040 040 040 040 040 040 040 040 040 040 040 040
042 042 042 042 042 042 042 042 042 042 042 042 042 042 042 042 042 042 042 042 042 042 042 042 042
044 044 044 044 044 044 044 044 044 044 044 044 044 044 044 044 044 044 044 044 044 044 044 044 044
046 046 046 046 046 046 046 046 046 046 046 046 046 046 046 046 046 046 046 046 046 046 046 046 046
048 048 048 048 048 048 048 048 048 048 048 048 048 048 048 048 048 048 048 048 048 048 048 048 048
050 050 050 050 050 050 050 050 050 050 050 050 050 050 050 050 050 050 050 050 050 050 050 050 050
