2 4 6 8 100 12 14 16 18 200 22 24 26 28 300 32 34 36 38 40 42 44 46 48 50
2 4 6 8 100 12 14 16 18 200 22 24 26 28 300 32 34 36 38 40 42 44 46 48 50
2 4 6 8 100 12 14 16 18 200 22 24 26 28 300 32 34 36 38 40 42 44 46 48 50
2 4 6 8 100 12 14 16 18 200 22 24 26 28 300 32 34 36 38 40 42 44 46 48 50
2 4 6 8 100 12 14 16 18 200 22 24 26 28 300 32 34 36 38 40 42 44 46 48 50
2 4 6 8 100 12 14 16 18 200 22 24 26 28 300 32 34 36 38 40 42 44 46 48 50
2 4 6 8 100 12 14 16 18 200 22 24 26 28 300 32 34 36 38 40 42 44 46 48 50
2 4 6 8 100 12 14 16 18 200 22 24 26 28 300 32 34 36 38 40 42 44 46 48 50
2 4 6 8 100 12 14 16 18 200 22 24 26 28 300 32 34 36 38 40 42 44 46 48 50
2 4 6 8 100 12 14 16 18 200 22 24 26 28 300 32 34 36 38 40 42 44 46 48 50
2 4 6 8 100 12 14 16 18 200 22 24 26 28 300 32 34 36 38 40 42 44 46 48 50
2 4 6 8 100 12 14 16 18 200 22 24 26 28 300 32 34 36 38 40 42 44 46 48 50
2 4 6 8 100 12 14 16 18 200 22 24 26 28 300 32 34 36 38 40 42 44 46 48 50
2 4 6 8 100 12 14 16 18 200 22 24 26 28 300 32 34 36 38 40 42 44 46 48 50
2 4 6 8 100 12 14 16 18 200 22 24 26 28 300 32 34 36 38 40 42 44 46 48 50
2 4 6 8 100 12 14 16 18 200 22 24 26 28 300 32 34 36 38 40 42 44 46 48 50
2 4 6 8 100 12 14 16 18 200 22 24 26 28 300 32 34 36 38 40 42 44 46 48 50
2 4 6 8 100 12 14 16 18 200 22 24 26 28 300 32 34 36 38 40 42 44 46 48 50
2 4 6 8 100 12 14 16 18 200 22 24 26 28 300 32 34 36 38 40 42 44 46 48 50
2 4 6 8 100 12 14 16 18 200 22 24 26 28 300 32 34 36 38 40 42 44 46 48 50
2 4 6 8 100 12 14 16 18 200 22 24 26 28 300 32 34 36 38 40 42 44 46 48 50
2 4 6 8 100 12 14 16 18 200 22 24 26 28 300 32 34 36 38 40 42 44 46 48 50
2 4 6 8 100 12 14 16 18 200 22 24 26 28 300 32 34 36 38 40 42 44 46 48 50
2 4 6 8 100 12 14 16 18 200 22 24 26 28 300 32 34 36 38 40 42 44 46 48 50
2 4 6 8 100 12 14 16 18 200 22 24 26 28 300 32 34 36 38 40 42 44 46 48 50